   0.00000000                  NaN
   8.00800789E-03              NaN
   1.60160158E-02              NaN
   2.40240246E-02              NaN
   3.20320316E-02              NaN
   4.00400385E-02              NaN
   4.80480492E-02              NaN
   5.60560562E-02              NaN
   6.40640631E-02              NaN
   7.20720738E-02              NaN
   8.00800771E-02              NaN
   8.80880877E-02              NaN
   9.60960984E-02              NaN
  0.104104102                  NaN
  0.112112112                  NaN
  0.120120123                  NaN
  0.128128126                  NaN
  0.136136129                  NaN
  0.144144148                  NaN
  0.152152151                  NaN
  0.160160154                  NaN
  0.168168172                  NaN
  0.176176175                  NaN
  0.184184179                  NaN
  0.192192197                  NaN
  0.200200200                  NaN
  0.208208203                  NaN
  0.216216221                  NaN
  0.224224225                  NaN
  0.232232228                  NaN
  0.240240246                  NaN
  0.248248249                  NaN
  0.256256253                  NaN
  0.264264256                  NaN
  0.272272259                  NaN
  0.280280292                  NaN
  0.288288295                  NaN
  0.296296299                  NaN
  0.304304302                  NaN
  0.312312305                  NaN
  0.320320308                  NaN
  0.328328341                  NaN
  0.336336344                  NaN
  0.344344348                  NaN
  0.352352351                  NaN
  0.360360354                  NaN
  0.368368357                  NaN
  0.376376390                  NaN
  0.384384394                  NaN
  0.392392397                  NaN
  0.400400400                  NaN
  0.408408403                  NaN
  0.416416407                  NaN
  0.424424410                  NaN
  0.432432443                  NaN
  0.440440446                  NaN
  0.448448449                  NaN
  0.456456453                  NaN
  0.464464456                  NaN
  0.472472459                  NaN
  0.480480492                  NaN
  0.488488495                  NaN
  0.496496499                  NaN
  0.504504502                  NaN
  0.512512505                  NaN
  0.520520508                  NaN
  0.528528512                  NaN
  0.536536515                  NaN
  0.544544518                  NaN
  0.552552581                  NaN
  0.560560584                  NaN
  0.568568587                  NaN
  0.576576591                  NaN
  0.584584594                  NaN
  0.592592597                  NaN
  0.600600600                  NaN
  0.608608603                  NaN
  0.616616607                  NaN
  0.624624610                  NaN
  0.632632613                  NaN
  0.640640616                  NaN
  0.648648620                  NaN
  0.656656682                  NaN
  0.664664686                  NaN
  0.672672689                  NaN
  0.680680692                  NaN
  0.688688695                  NaN
  0.696696699                  NaN
  0.704704702                  NaN
  0.712712705                  NaN
  0.720720708                  NaN
  0.728728712                  NaN
  0.736736715                  NaN
  0.744744718                  NaN
  0.752752781                  NaN
  0.760760784                  NaN
  0.768768787                  NaN
  0.776776791                  NaN
  0.784784794                  NaN
  0.792792797                  NaN
  0.800800800                  NaN
  0.808808804                  NaN
  0.816816807                  NaN
  0.824824810                  NaN
  0.832832813                  NaN
  0.840840816                  NaN
  0.848848820                  NaN
  0.856856883                  NaN
  0.864864886                  NaN
  0.872872889                  NaN
  0.880880892                  NaN
  0.888888896                  NaN
  0.896896899                  NaN
  0.904904902                  NaN
  0.912912905                  NaN
  0.920920908                  NaN
  0.928928912                  NaN
  0.936936915                  NaN
  0.944944918                  NaN
  0.952952981                  NaN
  0.960960984                  NaN
  0.968968987                  NaN
  0.976976991                  NaN
  0.984984994                  NaN
  0.992992997                  NaN
   1.00100100                  NaN
   1.00900900                  NaN
   1.01701701                  NaN
   1.02502501                  NaN
   1.03303301                  NaN
   1.04104102                  NaN
   1.04904902                  NaN
   1.05705702                  NaN
   1.06506503                  NaN
   1.07307303                  NaN
   1.08108103                  NaN
   1.08908904                  NaN
   1.09709704                  NaN
   1.10510516                  NaN
   1.11311316                  NaN
   1.12112117                  NaN
   1.12912917                  NaN
   1.13713717                  NaN
   1.14514518                  NaN
   1.15315318                  NaN
   1.16116118                  NaN
   1.16916919                  NaN
   1.17717719                  NaN
   1.18518519                  NaN
   1.19319320                  NaN
   1.20120120                  NaN
   1.20920920                  NaN
   1.21721721                  NaN
   1.22522521                  NaN
   1.23323321                  NaN
   1.24124122                  NaN
   1.24924922                  NaN
   1.25725722                  NaN
   1.26526523                  NaN
   1.27327323                  NaN
   1.28128123                  NaN
   1.28928924                  NaN
   1.29729724                  NaN
   1.30530536                  NaN
   1.31331336                  NaN
   1.32132137                  NaN
   1.32932937                  NaN
   1.33733737                  NaN
   1.34534538                  NaN
   1.35335338                  NaN
   1.36136138                  NaN
   1.36936939                  NaN
   1.37737739                  NaN
   1.38538539                  NaN
   1.39339340                  NaN
   1.40140140                  NaN
   1.40940940                  NaN
   1.41741741                  NaN
   1.42542541                  NaN
   1.43343341                  NaN
   1.44144142                  NaN
   1.44944942                  NaN
   1.45745742                  NaN
   1.46546543                  NaN
   1.47347343                  NaN
   1.48148143                  NaN
   1.48948944                  NaN
   1.49749744                  NaN
   1.50550556                  NaN
   1.51351357                  NaN
   1.52152157                  NaN
   1.52952957                  NaN
   1.53753757                  NaN
   1.54554558                  NaN
   1.55355358                  NaN
   1.56156158                  NaN
   1.56956959                  NaN
   1.57757759                  NaN
   1.58558559                  NaN
   1.59359360                  NaN
   1.60160160                  NaN
   1.60960960                  NaN
   1.61761761                  NaN
   1.62562561                  NaN
   1.63363361                  NaN
   1.64164162                  NaN
   1.64964962                  NaN
   1.65765762                  NaN
   1.66566563                  NaN
   1.67367363                  NaN
   1.68168163                  NaN
   1.68968964                  NaN
   1.69769764                  NaN
   1.70570576                  NaN
   1.71371377                  NaN
   1.72172177                  NaN
   1.72972977                  NaN
   1.73773777                  NaN
   1.74574578                  NaN
   1.75375378                  NaN
   1.76176178                  NaN
   1.76976979                  NaN
   1.77777779                  NaN
   1.78578579                  NaN
   1.79379380                  NaN
   1.80180180                  NaN
   1.80980980                  NaN
   1.81781781                  NaN
   1.82582581                  NaN
   1.83383381                  NaN
   1.84184182                  NaN
   1.84984982                  NaN
   1.85785782                  NaN
   1.86586583                  NaN
   1.87387383                  NaN
   1.88188183                  NaN
   1.88988984                  NaN
   1.89789784                  NaN
   1.90590596                  NaN
   1.91391397                  NaN
   1.92192197                  NaN
   1.92992997                  NaN
   1.93793797                  NaN
   1.94594598                  NaN
   1.95395398                  NaN
   1.96196198                  NaN
   1.96996999                  NaN
   1.97797799                  NaN
   1.98598599                  NaN
   1.99399400                  NaN
   2.00200200                  NaN
   2.01001000                  NaN
   2.01801801                  NaN
   2.02602601                  NaN
   2.03403401                  NaN
   2.04204202                  NaN
   2.05005002                  NaN
   2.05805802                  NaN
   2.06606603                  NaN
   2.07407403                  NaN
   2.08208203                  NaN
   2.09009004                  NaN
   2.09809804                  NaN
   2.10610604                  NaN
   2.11411405                  NaN
   2.12212205                  NaN
   2.13013005                  NaN
   2.13813806                  NaN
   2.14614606                  NaN
   2.15415406                  NaN
   2.16216207                  NaN
   2.17017007                  NaN
   2.17817807                  NaN
   2.18618608                  NaN
   2.19419408                  NaN
   2.20220232                  NaN
   2.21021032                  NaN
   2.21821833                  NaN
   2.22622633                  NaN
   2.23423433                  NaN
   2.24224234                  NaN
   2.25025034                  NaN
   2.25825834                  NaN
   2.26626635                  NaN
   2.27427435                  NaN
   2.28228235                  NaN
   2.29029036                  NaN
   2.29829836                  NaN
   2.30630636                  NaN
   2.31431437                  NaN
   2.32232237                  NaN
   2.33033037                  NaN
   2.33833838                  NaN
   2.34634638                  NaN
   2.35435438                  NaN
   2.36236238                  NaN
   2.37037039                  NaN
   2.37837839                  NaN
   2.38638639                  NaN
   2.39439440                  NaN
   2.40240240                  NaN
   2.41041040                  NaN
   2.41841841                  NaN
   2.42642641                  NaN
   2.43443441                  NaN
   2.44244242                  NaN
   2.45045042                  NaN
   2.45845842                  NaN
   2.46646643                  NaN
   2.47447443                  NaN
   2.48248243                  NaN
   2.49049044                  NaN
   2.49849844                  NaN
   2.50650644                  NaN
   2.51451445                  NaN
   2.52252245                  NaN
   2.53053045                  NaN
   2.53853846                  NaN
   2.54654646                  NaN
   2.55455446                  NaN
   2.56256247                  NaN
   2.57057047                  NaN
   2.57857847                  NaN
   2.58658648                  NaN
   2.59459448                  NaN
   2.60260272                  NaN
   2.61061072                  NaN
   2.61861873                  NaN
   2.62662673                  NaN
   2.63463473                  NaN
   2.64264274                  NaN
   2.65065074                  NaN
   2.65865874                  NaN
   2.66666675                  NaN
   2.67467475                  NaN
   2.68268275                  NaN
   2.69069076                  NaN
   2.69869876                  NaN
   2.70670676                  NaN
   2.71471477                  NaN
   2.72272277                  NaN
   2.73073077                  NaN
   2.73873878                  NaN
   2.74674678                  NaN
   2.75475478                  NaN
   2.76276278                  NaN
   2.77077079                  NaN
   2.77877879                  NaN
   2.78678679                  NaN
   2.79479480                  NaN
   2.80280280                  NaN
   2.81081080                  NaN
   2.81881881                  NaN
   2.82682681                  NaN
   2.83483481                  NaN
   2.84284282                  NaN
   2.85085082                  NaN
   2.85885882                  NaN
   2.86686683                  NaN
   2.87487483                  NaN
   2.88288283                  NaN
   2.89089084                  NaN
   2.89889884                  NaN
   2.90690684                  NaN
   2.91491485                  NaN
   2.92292285                  NaN
   2.93093085                  NaN
   2.93893886                  NaN
   2.94694686                  NaN
   2.95495486                  NaN
   2.96296287                  NaN
   2.97097087                  NaN
   2.97897887                  NaN
   2.98698688                  NaN
   2.99499488                  NaN
   3.00300312                  NaN
   3.01101112                  NaN
   3.01901913                  NaN
   3.02702713                  NaN
   3.03503513                  NaN
   3.04304314                  NaN
   3.05105114                  NaN
   3.05905914                  NaN
   3.06706715                  NaN
   3.07507515                  NaN
   3.08308315                  NaN
   3.09109116                  NaN
   3.09909916                  NaN
   3.10710716                  NaN
   3.11511517                  NaN
   3.12312317                  NaN
   3.13113117                  NaN
   3.13913918                  NaN
   3.14714718                  NaN
   3.15515518                  NaN
   3.16316319                  NaN
   3.17117119                  NaN
   3.17917919                  NaN
   3.18718719                  NaN
   3.19519520                  NaN
   3.20320320                  NaN
   3.21121120                  NaN
   3.21921921                  NaN
   3.22722721                  NaN
   3.23523521                  NaN
   3.24324322                  NaN
   3.25125122                  NaN
   3.25925922                  NaN
   3.26726723                  NaN
   3.27527523                  NaN
   3.28328323                  NaN
   3.29129124                  NaN
   3.29929924                  NaN
   3.30730724                  NaN
   3.31531525                  NaN
   3.32332325                  NaN
   3.33133125                  NaN
   3.33933926                  NaN
   3.34734726                  NaN
   3.35535526                  NaN
   3.36336327                  NaN
   3.37137127                  NaN
   3.37937927                  NaN
   3.38738728                  NaN
   3.39539528                  NaN
   3.40340352                  NaN
   3.41141152                  NaN
   3.41941953                  NaN
   3.42742753                  NaN
   3.43543553                  NaN
   3.44344354                  NaN
   3.45145154                  NaN
   3.45945954                  NaN
   3.46746755                  NaN
   3.47547555                  NaN
   3.48348355                  NaN
   3.49149156                  NaN
   3.49949956                  NaN
   3.50750756                  NaN
   3.51551557                  NaN
   3.52352357                  NaN
   3.53153157                  NaN
   3.53953958                  NaN
   3.54754758                  NaN
   3.55555558                  NaN
   3.56356359                  NaN
   3.57157159                  NaN
   3.57957959                  NaN
   3.58758759                  NaN
   3.59559560                  NaN
   3.60360360                  NaN
   3.61161160                  NaN
   3.61961961                  NaN
   3.62762761                  NaN
   3.63563561                  NaN
   3.64364362                  NaN
   3.65165162                  NaN
   3.65965962                  NaN
   3.66766763                  NaN
   3.67567563                  NaN
   3.68368363                  NaN
   3.69169164                  NaN
   3.69969964                  NaN
   3.70770764                  NaN
   3.71571565                  NaN
   3.72372365                  NaN
   3.73173165                  NaN
   3.73973966                  NaN
   3.74774766                  NaN
   3.75575566                  NaN
   3.76376367                  NaN
   3.77177167                  NaN
   3.77977967                  NaN
   3.78778768                  NaN
   3.79579568                  NaN
   3.80380392                  NaN
   3.81181192                  NaN
   3.81981993                  NaN
   3.82782793                  NaN
   3.83583593                  NaN
   3.84384394                  NaN
   3.85185194                  NaN
   3.85985994                  NaN
   3.86786795                  NaN
   3.87587595                  NaN
   3.88388395                  NaN
   3.89189196                  NaN
   3.89989996                  NaN
   3.90790796                  NaN
   3.91591597                  NaN
   3.92392397                  NaN
   3.93193197                  NaN
   3.93993998                  NaN
   3.94794798                  NaN
   3.95595598                  NaN
   3.96396399                  NaN
   3.97197199                  NaN
   3.97997999                  NaN
   3.98798800                  NaN
   3.99599600                  NaN
   4.00400400                  NaN
   4.01201200                  NaN
   4.02002001                  NaN
   4.02802801                  NaN
   4.03603601                  NaN
   4.04404402                  NaN
   4.05205202                  NaN
   4.06006002                  NaN
   4.06806803                  NaN
   4.07607603                  NaN
   4.08408403                  NaN
   4.09209204                  NaN
   4.10010004                  NaN
   4.10810804                  NaN
   4.11611605                  NaN
   4.12412405                  NaN
   4.13213205                  NaN
   4.14014006                  NaN
   4.14814806                  NaN
   4.15615606                  NaN
   4.16416407                  NaN
   4.17217207                  NaN
   4.18018007                  NaN
   4.18818808                  NaN
   4.19619608                  NaN
   4.20420408                  NaN
   4.21221209                  NaN
   4.22022009                  NaN
   4.22822809                  NaN
   4.23623610                  NaN
   4.24424410                  NaN
   4.25225210                  NaN
   4.26026011                  NaN
   4.26826811                  NaN
   4.27627611                  NaN
   4.28428411                  NaN
   4.29229212                  NaN
   4.30030012                  NaN
   4.30830812                  NaN
   4.31631613                  NaN
   4.32432413                  NaN
   4.33233213                  NaN
   4.34034014                  NaN
   4.34834814                  NaN
   4.35635614                  NaN
   4.36436415                  NaN
   4.37237215                  NaN
   4.38038015                  NaN
   4.38838816                  NaN
   4.39639616                  NaN
   4.40440464                  NaN
   4.41241264                  NaN
   4.42042065                  NaN
   4.42842865                  NaN
   4.43643665                  NaN
   4.44444466                  NaN
   4.45245266                  NaN
   4.46046066                  NaN
   4.46846867                  NaN
   4.47647667                  NaN
   4.48448467                  NaN
   4.49249268                  NaN
   4.50050068                  NaN
   4.50850868                  NaN
   4.51651669                  NaN
   4.52452469                  NaN
   4.53253269                  NaN
   4.54054070                  NaN
   4.54854870                  NaN
   4.55655670                  NaN
   4.56456470                  NaN
   4.57257271                  NaN
   4.58058071                  NaN
   4.58858871                  NaN
   4.59659672                  NaN
   4.60460472                  NaN
   4.61261272                  NaN
   4.62062073                  NaN
   4.62862873                  NaN
   4.63663673                  NaN
   4.64464474                  NaN
   4.65265274                  NaN
   4.66066074                  NaN
   4.66866875                  NaN
   4.67667675                  NaN
   4.68468475                  NaN
   4.69269276                  NaN
   4.70070076                  NaN
   4.70870876                  NaN
   4.71671677                  NaN
   4.72472477                  NaN
   4.73273277                  NaN
   4.74074078                  NaN
   4.74874878                  NaN
   4.75675678                  NaN
   4.76476479                  NaN
   4.77277279                  NaN
   4.78078079                  NaN
   4.78878880                  NaN
   4.79679680                  NaN
   4.80480480                  NaN
   4.81281281                  NaN
   4.82082081                  NaN
   4.82882881                  NaN
   4.83683681                  NaN
   4.84484482                  NaN
   4.85285282                  NaN
   4.86086082                  NaN
   4.86886883                  NaN
   4.87687683                  NaN
   4.88488483                  NaN
   4.89289284                  NaN
   4.90090084                  NaN
   4.90890884                  NaN
   4.91691685                  NaN
   4.92492485                  NaN
   4.93293285                  NaN
   4.94094086                  NaN
   4.94894886                  NaN
   4.95695686                  NaN
   4.96496487                  NaN
   4.97297287                  NaN
   4.98098087                  NaN
   4.98898888                  NaN
   4.99699688                  NaN
   5.00500488                  NaN
   5.01301289                  NaN
   5.02102089                  NaN
   5.02902889                  NaN
   5.03703690                  NaN
   5.04504490                  NaN
   5.05305290                  NaN
   5.06106091                  NaN
   5.06906891                  NaN
   5.07707691                  NaN
   5.08508492                  NaN
   5.09309292                  NaN
   5.10110092                  NaN
   5.10910892                  NaN
   5.11711693                  NaN
   5.12512493                  NaN
   5.13313293                  NaN
   5.14114094                  NaN
   5.14914894                  NaN
   5.15715694                  NaN
   5.16516495                  NaN
   5.17317295                  NaN
   5.18118095                  NaN
   5.18918896                  NaN
   5.19719696                  NaN
   5.20520544                  NaN
   5.21321344                  NaN
   5.22122145                  NaN
   5.22922945                  NaN
   5.23723745                  NaN
   5.24524546                  NaN
   5.25325346                  NaN
   5.26126146                  NaN
   5.26926947                  NaN
   5.27727747                  NaN
   5.28528547                  NaN
   5.29329348                  NaN
   5.30130148                  NaN
   5.30930948                  NaN
   5.31731749                  NaN
   5.32532549                  NaN
   5.33333349                  NaN
   5.34134150                  NaN
   5.34934950                  NaN
   5.35735750                  NaN
   5.36536551                  NaN
   5.37337351                  NaN
   5.38138151                  NaN
   5.38938951                  NaN
   5.39739752                  NaN
   5.40540552                  NaN
   5.41341352                  NaN
   5.42142153                  NaN
   5.42942953                  NaN
   5.43743753                  NaN
   5.44544554                  NaN
   5.45345354                  NaN
   5.46146154                  NaN
   5.46946955                  NaN
   5.47747755                  NaN
   5.48548555                  NaN
   5.49349356                  NaN
   5.50150156                  NaN
   5.50950956                  NaN
   5.51751757                  NaN
   5.52552557                  NaN
   5.53353357                  NaN
   5.54154158                  NaN
   5.54954958                  NaN
   5.55755758                  NaN
   5.56556559                  NaN
   5.57357359                  NaN
   5.58158159                  NaN
   5.58958960                  NaN
   5.59759760                  NaN
   5.60560560                  NaN
   5.61361361                  NaN
   5.62162161                  NaN
   5.62962961                  NaN
   5.63763762                  NaN
   5.64564562                  NaN
   5.65365362                  NaN
   5.66166162                  NaN
   5.66966963                  NaN
   5.67767763                  NaN
   5.68568563                  NaN
   5.69369364                  NaN
   5.70170164                  NaN
   5.70970964                  NaN
   5.71771765                  NaN
   5.72572565                  NaN
   5.73373365                  NaN
   5.74174166                  NaN
   5.74974966                  NaN
   5.75775766                  NaN
   5.76576567                  NaN
   5.77377367                  NaN
   5.78178167                  NaN
   5.78978968                  NaN
   5.79779768                  NaN
   5.80580568                  NaN
   5.81381369                  NaN
   5.82182169                  NaN
   5.82982969                  NaN
   5.83783770                  NaN
   5.84584570                  NaN
   5.85385370                  NaN
   5.86186171                  NaN
   5.86986971                  NaN
   5.87787771                  NaN
   5.88588572                  NaN
   5.89389372                  NaN
   5.90190172                  NaN
   5.90990973                  NaN
   5.91791773                  NaN
   5.92592573                  NaN
   5.93393373                  NaN
   5.94194174                  NaN
   5.94994974                  NaN
   5.95795774                  NaN
   5.96596575                  NaN
   5.97397375                  NaN
   5.98198175                  NaN
   5.98998976                  NaN
   5.99799776                  NaN
   6.00600624                  NaN
   6.01401424                  NaN
   6.02202225                  NaN
   6.03003025                  NaN
   6.03803825                  NaN
   6.04604626                  NaN
   6.05405426                  NaN
   6.06206226                  NaN
   6.07007027                  NaN
   6.07807827                  NaN
   6.08608627                  NaN
   6.09409428                  NaN
   6.10210228                  NaN
   6.11011028                  NaN
   6.11811829                  NaN
   6.12612629                  NaN
   6.13413429                  NaN
   6.14214230                  NaN
   6.15015030                  NaN
   6.15815830                  NaN
   6.16616631                  NaN
   6.17417431                  NaN
   6.18218231                  NaN
   6.19019032                  NaN
   6.19819832                  NaN
   6.20620632                  NaN
   6.21421432                  NaN
   6.22222233                  NaN
   6.23023033                  NaN
   6.23823833                  NaN
   6.24624634                  NaN
   6.25425434                  NaN
   6.26226234                  NaN
   6.27027035                  NaN
   6.27827835                  NaN
   6.28628635                  NaN
   6.29429436                  NaN
   6.30230236                  NaN
   6.31031036                  NaN
   6.31831837                  NaN
   6.32632637                  NaN
   6.33433437                  NaN
   6.34234238                  NaN
   6.35035038                  NaN
   6.35835838                  NaN
   6.36636639                  NaN
   6.37437439                  NaN
   6.38238239                  NaN
   6.39039040                  NaN
   6.39839840                  NaN
   6.40640640                  NaN
   6.41441441                  NaN
   6.42242241                  NaN
   6.43043041                  NaN
   6.43843842                  NaN
   6.44644642                  NaN
   6.45445442                  NaN
   6.46246243                  NaN
   6.47047043                  NaN
   6.47847843                  NaN
   6.48648643                  NaN
   6.49449444                  NaN
   6.50250244                  NaN
   6.51051044                  NaN
   6.51851845                  NaN
   6.52652645                  NaN
   6.53453445                  NaN
   6.54254246                  NaN
   6.55055046                  NaN
   6.55855846                  NaN
   6.56656647                  NaN
   6.57457447                  NaN
   6.58258247                  NaN
   6.59059048                  NaN
   6.59859848                  NaN
   6.60660648                  NaN
   6.61461449                  NaN
   6.62262249                  NaN
   6.63063049                  NaN
   6.63863850                  NaN
   6.64664650                  NaN
   6.65465450                  NaN
   6.66266251                  NaN
   6.67067051                  NaN
   6.67867851                  NaN
   6.68668652                  NaN
   6.69469452                  NaN
   6.70270252                  NaN
   6.71071053                  NaN
   6.71871853                  NaN
   6.72672653                  NaN
   6.73473454                  NaN
   6.74274254                  NaN
   6.75075054                  NaN
   6.75875854                  NaN
   6.76676655                  NaN
   6.77477455                  NaN
   6.78278255                  NaN
   6.79079056                  NaN
   6.79879856                  NaN
   6.80680704                  NaN
   6.81481504                  NaN
   6.82282305                  NaN
   6.83083105                  NaN
   6.83883905                  NaN
   6.84684706                  NaN
   6.85485506                  NaN
   6.86286306                  NaN
   6.87087107                  NaN
   6.87887907                  NaN
   6.88688707                  NaN
   6.89489508                  NaN
   6.90290308                  NaN
   6.91091108                  NaN
   6.91891909                  NaN
   6.92692709                  NaN
   6.93493509                  NaN
   6.94294310                  NaN
   6.95095110                  NaN
   6.95895910                  NaN
   6.96696711                  NaN
   6.97497511                  NaN
   6.98298311                  NaN
   6.99099112                  NaN
   6.99899912                  NaN
   7.00700712                  NaN
   7.01501513                  NaN
   7.02302313                  NaN
   7.03103113                  NaN
   7.03903913                  NaN
   7.04704714                  NaN
   7.05505514                  NaN
   7.06306314                  NaN
   7.07107115                  NaN
   7.07907915                  NaN
   7.08708715                  NaN
   7.09509516                  NaN
   7.10310316                  NaN
   7.11111116                  NaN
   7.11911917                  NaN
   7.12712717                  NaN
   7.13513517                  NaN
   7.14314318                  NaN
   7.15115118                  NaN
   7.15915918                  NaN
   7.16716719                  NaN
   7.17517519                  NaN
   7.18318319                  NaN
   7.19119120                  NaN
   7.19919920                  NaN
   7.20720720                  NaN
   7.21521521                  NaN
   7.22322321                  NaN
   7.23123121                  NaN
   7.23923922                  NaN
   7.24724722                  NaN
   7.25525522                  NaN
   7.26326323                  NaN
   7.27127123                  NaN
   7.27927923                  NaN
   7.28728724                  NaN
   7.29529524                  NaN
   7.30330324                  NaN
   7.31131124                  NaN
   7.31931925                  NaN
   7.32732725                  NaN
   7.33533525                  NaN
   7.34334326                  NaN
   7.35135126                  NaN
   7.35935926                  NaN
   7.36736727                  NaN
   7.37537527                  NaN
   7.38338327                  NaN
   7.39139128                  NaN
   7.39939928                  NaN
   7.40740728                  NaN
   7.41541529                  NaN
   7.42342329                  NaN
   7.43143129                  NaN
   7.43943930                  NaN
   7.44744730                  NaN
   7.45545530                  NaN
   7.46346331                  NaN
   7.47147131                  NaN
   7.47947931                  NaN
   7.48748732                  NaN
   7.49549532                  NaN
   7.50350332                  NaN
   7.51151133                  NaN
   7.51951933                  NaN
   7.52752733                  NaN
   7.53553534                  NaN
   7.54354334                  NaN
   7.55155134                  NaN
   7.55955935                  NaN
   7.56756735                  NaN
   7.57557535                  NaN
   7.58358335                  NaN
   7.59159136                  NaN
   7.59959936                  NaN
   7.60760784                  NaN
   7.61561584                  NaN
   7.62362385                  NaN
   7.63163185                  NaN
   7.63963985                  NaN
   7.64764786                  NaN
   7.65565586                  NaN
   7.66366386                  NaN
   7.67167187                  NaN
   7.67967987                  NaN
   7.68768787                  NaN
   7.69569588                  NaN
   7.70370388                  NaN
   7.71171188                  NaN
   7.71971989                  NaN
   7.72772789                  NaN
   7.73573589                  NaN
   7.74374390                  NaN
   7.75175190                  NaN
   7.75975990                  NaN
   7.76776791                  NaN
   7.77577591                  NaN
   7.78378391                  NaN
   7.79179192                  NaN
   7.79979992                  NaN
   7.80780792                  NaN
   7.81581593                  NaN
   7.82382393                  NaN
   7.83183193                  NaN
   7.83983994                  NaN
   7.84784794                  NaN
   7.85585594                  NaN
   7.86386395                  NaN
   7.87187195                  NaN
   7.87987995                  NaN
   7.88788795                  NaN
   7.89589596                  NaN
   7.90390396                  NaN
   7.91191196                  NaN
   7.91991997                  NaN
   7.92792797                  NaN
   7.93593597                  NaN
   7.94394398                  NaN
   7.95195198                  NaN
   7.95995998                  NaN
   7.96796799                  NaN
   7.97597599                  NaN
   7.98398399                  NaN
   7.99199200                  NaN
   8.00000000                  NaN
