   0.00000000      0.996064782    
   4.00200114E-03  0.984367549    
   8.00400227E-03  0.965116382    
   1.20060034E-02  0.938651741    
   1.60080045E-02  0.905417860    
   2.00100057E-02  0.865958333    
   2.40120068E-02  0.820915222    
   2.80140061E-02  0.771018863    
   3.20160091E-02  0.717080235    
   3.60180102E-02  0.659585357    
   4.00200114E-02  0.600558460    
   4.40220125E-02  0.540150106    
   4.80240136E-02  0.479340404    
   5.20260148E-02  0.419142574    
   5.60280122E-02  0.360559791    
   6.00300133E-02  0.304582208    
   6.40320182E-02  0.252166301    
   6.80340156E-02  0.204178005    
   7.20360205E-02  0.161410302    
   7.60380179E-02  0.121103056    
   8.00400227E-02   8.67811963E-02
   8.40420201E-02   5.91215640E-02
   8.80440250E-02   3.86338159E-02
   9.20460224E-02   2.56709307E-02
   9.60480273E-02   2.04201471E-02
  0.100050025       2.28968840E-02
  0.104052030       3.29467952E-02
  0.108054027       5.02557345E-02
  0.112056024       7.43639991E-02
  0.116058029      0.109310798    
  0.120060027      0.140372366    
  0.124062032      0.177377492    
  0.128064036      0.219618440    
  0.132066026      0.266285539    
  0.136068031      0.316490382    
  0.140070036      0.369300783    
  0.144072041      0.423766822    
  0.148074031      0.478937626    
  0.152076036      0.533908129    
  0.156078041      0.587725639    
  0.160080045      0.640613794    
  0.164082035      0.691211641    
  0.168084040      0.738687873    
  0.172086045      0.782279491    
  0.176088050      0.821303427    
  0.180090040      0.855206311    
  0.184092045      0.883489251    
  0.188094050      0.905787408    
  0.192096055      0.921827435    
  0.196098045      0.930852830    
  0.200100049      0.933776200    
  0.204102054      0.929865777    
  0.208104059      0.919250786    
  0.212106049      0.902118623    
  0.216108054      0.878782213    
  0.220110059      0.849639952    
  0.224112049      0.815173388    
  0.228114054      0.775929749    
  0.232116058      0.732558429    
  0.236118063      0.686222911    
  0.240120053      0.637149572    
  0.244122058      0.586146057    
  0.248124063      0.534034371    
  0.252126068      0.481678396    
  0.256128073      0.429943055    
  0.260130078      0.379691362    
  0.264132053      0.331764907    
  0.268134058      0.286965996    
  0.272136062      0.246037364    
  0.276138067      0.210268587    
  0.280140072      0.175764680    
  0.284142077      0.146513909    
  0.288144082      0.123043902    
  0.292146087      0.105764404    
  0.296148062       9.49463323E-02
  0.300150067       9.07257050E-02
  0.304152071       9.30897892E-02
  0.308154076      0.101887405    
  0.312156081      0.116837673    
  0.316158086      0.140495509    
  0.320160091      0.162078798    
  0.324162096      0.189280182    
  0.328164071      0.221583948    
  0.332166076      0.258368731    
  0.336168081      0.298936129    
  0.340170085      0.342521459    
  0.344172090      0.388324231    
  0.348174095      0.435533166    
  0.352176100      0.483348429    
  0.356178075      0.533029556    
  0.360180080      0.579632998    
  0.364182085      0.625055909    
  0.368184090      0.668520927    
  0.372186095      0.709317148    
  0.376188099      0.746795475    
  0.380190104      0.780380845    
  0.384192109      0.809569538    
  0.388194084      0.833968639    
  0.392196089      0.853224397    
  0.396198094      0.866441488    
  0.400200099      0.874897838    
  0.404202104      0.877459168    
  0.408204108      0.874118865    
  0.412206113      0.864955604    
  0.416208118      0.850128889    
  0.420210093      0.829901576    
  0.424212098      0.804607153    
  0.428214103      0.774638176    
  0.432216108      0.740493774    
  0.436218113      0.702364802    
  0.440220118      0.661782324    
  0.444222122      0.618840516    
  0.448224097      0.574215293    
  0.452226102      0.528641164    
  0.456228107      0.482861817    
  0.460230112      0.437641174    
  0.464232117      0.393729448    
  0.468234122      0.351869702    
  0.472236127      0.312751025    
  0.476238132      0.276170701    
  0.480240107      0.242207289    
  0.484242111      0.212424397    
  0.488244116      0.187345698    
  0.492246121      0.167413443    
  0.496248126      0.152955145    
  0.500250101      0.144182727    
  0.504252136      0.141183779    
  0.508254111      0.143923014    
  0.512256145      0.152242959    
  0.516258121      0.167712256    
  0.520260155      0.182237804    
  0.524262130      0.202024445    
  0.528264105      0.226695627    
  0.532266140      0.255776584    
  0.536268115      0.288700104    
  0.540270150      0.324832737    
  0.544272125      0.363502413    
  0.548274159      0.404006511    
  0.552276134      0.445629030    
  0.556278110      0.488392234    
  0.560280144      0.530079305    
  0.564282119      0.571375847    
  0.568284154      0.611581504    
  0.572286129      0.650017023    
  0.576288164      0.686054885    
  0.580290139      0.719146669    
  0.584292173      0.748789549    
  0.588294148      0.774551809    
  0.592296124      0.796097040    
  0.596298158      0.813510954    
  0.600300133      0.825892329    
  0.604302168      0.833142281    
  0.608304143      0.835175037    
  0.612306178      0.832007468    
  0.616308153      0.823709846    
  0.620310128      0.810438752    
  0.624312162      0.792425931    
  0.628314137      0.769971550    
  0.632316172      0.743438125    
  0.636318147      0.712397575    
  0.640320182      0.678925455    
  0.644322157      0.642860234    
  0.648324192      0.604785442    
  0.652326167      0.565305412    
  0.656328142      0.525065362    
  0.660330176      0.484734416    
  0.664332151      0.444981426    
  0.668334186      0.406461090    
  0.672336161      0.369820803    
  0.676338196      0.332724482    
  0.680340171      0.300199240    
  0.684342146      0.270975322    
  0.688344181      0.245563328    
  0.692346156      0.224404782    
  0.696348190      0.207851768    
  0.700350165      0.196162492    
  0.704352200      0.189490065    
  0.708354175      0.187873989    
  0.712356150      0.191257745    
  0.716358185      0.199721411    
  0.720360160      0.208937258    
  0.724362195      0.223001882    
  0.728364170      0.241653875    
  0.732366204      0.264533490    
  0.736368179      0.291190118    
  0.740370214      0.321111470    
  0.744372189      0.353724629    
  0.748374164      0.388427645    
  0.752376199      0.424597532    
  0.756378174      0.461973816    
  0.760380208      0.499210775    
  0.764382184      0.536655188    
  0.768384218      0.573662281    
  0.772386193      0.609588563    
  0.776388168      0.643849373    
  0.780390203      0.675885856    
  0.784392178      0.705208540    
  0.788394213      0.731360435    
  0.792396188      0.753982365    
  0.796398222      0.771226466    
  0.800400198      0.786103964    
  0.804402173      0.796406925    
  0.808404207      0.801984727    
  0.812406182      0.802765310    
  0.816408217      0.798746705    
  0.820410192      0.790012002    
  0.824412227      0.776721597    
  0.828414202      0.759113133    
  0.832416236      0.737485647    
  0.836418211      0.711566687    
  0.840420187      0.682471395    
  0.844422221      0.650727749    
  0.848424196      0.616884291    
  0.852426231      0.581520140    
  0.856428206      0.545266867    
  0.860430241      0.508758366    
  0.864432216      0.472638965    
  0.868434191      0.437548488    
  0.872436225      0.404089957    
  0.876438200      0.373890936    
  0.880440235      0.344133705    
  0.884442210      0.317355812    
  0.888444245      0.294024408    
  0.892446220      0.274524182    
  0.896448195      0.259156853    
  0.900450230      0.248118103    
  0.904452205      0.241501525    
  0.908454239      0.239296645    
  0.912456214      0.241402119    
  0.916458249      0.246300533    
  0.920460224      0.252937078    
  0.924462259      0.263826549    
  0.928464234      0.278713018    
  0.932466209      0.297258556    
  0.936468244      0.319044083    
  0.940470219      0.343597353    
  0.944472253      0.370404333    
  0.948474228      0.398935437    
  0.952476263      0.428654850    
  0.956478238      0.466533601    
  0.960480213      0.496107399    
  0.964482248      0.525928617    
  0.968484223      0.555464387    
  0.972486258      0.584206641    
  0.976488233      0.611687005    
  0.980490267      0.637471914    
  0.984492242      0.661175907    
  0.988494217      0.682464778    
  0.992496252      0.701058805    
  0.996498227      0.720085144    
   1.00050020      0.732329726    
   1.00450230      0.741004825    
   1.00850427      0.746006429    
   1.01250625      0.747269273    
   1.01650822      0.744815409    
   1.02051020      0.738691032    
   1.02451229      0.729024172    
   1.02851427      0.715963304    
   1.03251624      0.699725211    
   1.03651822      0.683335483    
   1.04052031      0.660702467    
   1.04452229      0.635811448    
   1.04852426      0.609069109    
   1.05252624      0.580917656    
   1.05652821      0.551824808    
   1.06053030      0.522268057    
   1.06453228      0.492742091    
   1.06853426      0.463740349    
   1.07253623      0.435752124    
   1.07653832      0.409356415    
   1.08054030      0.383842468    
   1.08454227      0.360513598    
   1.08854425      0.339771450    
   1.09254622      0.321969181    
   1.09654832      0.307396233    
   1.10055029      0.296275437    
   1.10455227      0.288754374    
   1.10855424      0.284897208    
   1.11255622      0.284692913    
   1.11655831      0.280164212    
   1.12056029      0.284075707    
   1.12456226      0.291675150    
   1.12856424      0.302820981    
   1.13256633      0.317287415    
   1.13656831      0.334776610    
   1.14057028      0.354935497    
   1.14457226      0.377362013    
   1.14857423      0.401617765    
   1.15257633      0.427251071    
   1.15657830      0.451750755    
   1.16058028      0.478500575    
   1.16458225      0.505855620    
   1.16858435      0.533333361    
   1.17258632      0.560454428    
   1.17658830      0.586769700    
   1.18059027      0.611840665    
   1.18459225      0.635273457    
   1.18859434      0.656712174    
   1.19259632      0.675844252    
   1.19659829      0.697242975    
   1.20060027      0.711392879    
   1.20460236      0.722276688    
   1.20860434      0.729738414    
   1.21260631      0.733660579    
   1.21660829      0.734007955    
   1.22061026      0.730781794    
   1.22461236      0.724058270    
   1.22861433      0.713962615    
   1.23261631      0.700665653    
   1.23661828      0.685116053    
   1.24062026      0.665545762    
   1.24462235      0.643651366    
   1.24862432      0.619814515    
   1.25262630      0.594462454    
   1.25662827      0.568037987    
   1.26063037      0.541017413    
   1.26463234      0.513875008    
   1.26863432      0.487086773    
   1.27263629      0.461132199    
   1.27663827      0.426822335    
   1.28064036      0.402628154    
   1.28464234      0.380606174    
   1.28864431      0.361141264    
   1.29264629      0.344564348    
   1.29664838      0.331128180    
   1.30065036      0.321020544    
   1.30465233      0.314345747    
   1.30865431      0.311123192    
   1.31265628      0.311297894    
   1.31665838      0.317196637    
   1.32066035      0.321039796    
   1.32466233      0.328182250    
   1.32866430      0.338442981    
   1.33266628      0.351575255    
   1.33666837      0.367255807    
   1.34067035      0.385124654    
   1.34467232      0.404782087    
   1.34867430      0.425810963    
   1.35267639      0.447785556    
   1.35667837      0.471238047    
   1.36068034      0.493223757    
   1.36468232      0.515605092    
   1.36868429      0.537971437    
   1.37268639      0.559927583    
   1.37668836      0.581091821    
   1.38069034      0.601135612    
   1.38469231      0.619752824    
   1.38869441      0.636681795    
   1.39269638      0.651704431    
   1.39669836      0.665296733    
   1.40070033      0.676237881    
   1.40470231      0.684653342    
   1.40870440      0.690447986    
   1.41270638      0.693559289    
   1.41670835      0.693976462    
   1.42071033      0.691718638    
   1.42471230      0.686838746    
   1.42871439      0.679433525    
   1.43271637      0.669620335    
   1.43671834      0.657763720    
   1.44072032      0.642689347    
   1.44472241      0.625769496    
   1.44872439      0.607277513    
   1.45272636      0.587519288    
   1.45672834      0.566800535    
   1.46073031      0.545449674    
   1.46473241      0.523811579    
   1.46873438      0.502224267    
   1.47273636      0.481035441    
   1.47673833      0.462953418    
   1.48074043      0.442903697    
   1.48474240      0.424202532    
   1.48874438      0.407154739    
   1.49274635      0.392044395    
   1.49674833      0.379116476    
   1.50075042      0.368579209    
   1.50475240      0.360583901    
   1.50875437      0.355239421    
   1.51275635      0.352586508    
   1.51675832      0.351069719    
   1.52076042      0.351598620    
   1.52476239      0.354831010    
   1.52876437      0.360708594    
   1.53276634      0.369117856    
   1.53676844      0.379882783    
   1.54077041      0.392788261    
   1.54477239      0.407571763    
   1.54877436      0.423936039    
   1.55277634      0.441568285    
   1.55677843      0.459858745    
   1.56078041      0.478463858    
   1.56478238      0.497785211    
   1.56878436      0.517479539    
   1.57278645      0.537203252    
   1.57678843      0.556627512    
   1.58079040      0.575423717    
   1.58479238      0.593296468    
   1.58879435      0.609969974    
   1.59279644      0.625198543    
   1.59679842      0.638469458    
   1.60080040      0.650295913    
   1.60480237      0.660016596    
   1.60880435      0.667479813    
   1.61280644      0.672580779    
   1.61680841      0.675253510    
   1.62081039      0.675467372    
   1.62481236      0.673247993    
   1.62881446      0.668636441    
   1.63281643      0.661725938    
   1.63681841      0.654636979    
   1.64082038      0.642500520    
   1.64482236      0.628549635    
   1.64882445      0.613040149    
   1.65282643      0.596244872    
   1.65682840      0.578471243    
   1.66083038      0.560034990    
   1.66483247      0.541267216    
   1.66883445      0.522499800    
   1.67283642      0.504067004    
   1.67683840      0.486788183    
   1.68084037      0.470131487    
   1.68484247      0.454729646    
   1.68884444      0.440853834    
   1.69284642      0.428740442    
   1.69684839      0.418583065    
   1.70085037      0.410526991    
   1.70485246      0.404669136    
   1.70885444      0.401042372    
   1.71285641      0.399634868    
   1.71685839      0.403212190    
   1.72086048      0.404370636    
   1.72486246      0.407692313    
   1.72886443      0.413076282    
   1.73286641      0.420365661    
   1.73686838      0.429367393    
   1.74087048      0.439841956    
   1.74487245      0.451525658    
   1.74887443      0.464150041    
   1.75287640      0.477426440    
   1.75687850      0.501326442    
   1.76088047      0.513955653    
   1.76488245      0.526823640    
   1.76888442      0.539676487    
   1.77288640      0.552270174    
   1.77688849      0.564378381    
   1.78089046      0.575801611    
   1.78489244      0.586362720    
   1.78889441      0.595918953    
   1.79289639      0.604353547    
   1.79689848      0.613487482    
   1.80090046      0.619582176    
   1.80490243      0.624253452    
   1.80890441      0.627458990    
   1.81290650      0.629176974    
   1.81690848      0.629418969    
   1.82091045      0.628211796    
   1.82491243      0.625597656    
   1.82891440      0.621635616    
   1.83291650      0.616396844    
   1.83691847      0.606807828    
   1.84092045      0.598446310    
   1.84492242      0.589144826    
   1.84892452      0.579062283    
   1.85292649      0.568358898    
   1.85692847      0.557201266    
   1.86093044      0.545747519    
   1.86493242      0.534162939    
   1.86893451      0.522609890    
   1.87293649      0.511253178    
   1.87693846      0.504342973    
   1.88094044      0.493002921    
   1.88494241      0.482407749    
   1.88894451      0.472716630    
   1.89294648      0.464077801    
   1.89694846      0.456620544    
   1.90095043      0.450454563    
   1.90495253      0.445663542    
   1.90895450      0.442310125    
   1.91295648      0.440426528    
   1.91695845      0.440810263    
   1.92096043      0.440533698    
   1.92496252      0.441720754    
   1.92896450      0.444354832    
   1.93296647      0.448383629    
   1.93696845      0.453728229    
   1.94097054      0.460283488    
   1.94497252      0.467917740    
   1.94897449      0.476476938    
   1.95297647      0.485794902    
   1.95697844      0.495046675    
   1.96098053      0.504504383    
   1.96498251      0.514430165    
   1.96898448      0.524655640    
   1.97298646      0.535003841    
   1.97698843      0.545302868    
   1.98099053      0.555382073    
   1.98499250      0.565081835    
   1.98899448      0.574249029    
   1.99299645      0.582748294    
   1.99699855      0.590679109    
   2.00100040      0.597028196    
   2.00500250      0.602351189    
   2.00900459      0.606575012    
   2.01300645      0.609644830    
   2.01700854      0.611523390    
   2.02101040      0.612194240    
   2.02501249      0.611657500    
   2.02901459      0.609938681    
   2.03301644      0.607073724    
   2.03701854      0.606163323    
   2.04102039      0.600205421    
   2.04502249      0.593313754    
   2.04902458      0.585627079    
   2.05302644      0.577283561    
   2.05702853      0.568445027    
   2.06103063      0.559269845    
   2.06503248      0.549929500    
   2.06903458      0.540586174    
   2.07303643      0.531407177    
   2.07703853      0.520252466    
   2.08104062      0.511613667    
   2.08504248      0.503733158    
   2.08904457      0.496750325    
   2.09304643      0.490783483    
   2.09704852      0.485929310    
   2.10105062      0.482249737    
   2.10505247      0.479779482    
   2.10905457      0.478524894    
   2.11305642      0.478455275    
   2.11705852      0.479378790    
   2.12106061      0.480786413    
   2.12506247      0.483354270    
   2.12906456      0.487011433    
   2.13306642      0.491648853    
   2.13706851      0.497136176    
   2.14107060      0.503323078    
   2.14507246      0.510043144    
   2.14907455      0.517125547    
   2.15307665      0.524404109    
   2.15707850      0.540839672    
   2.16108060      0.547531009    
   2.16508245      0.554138958    
   2.16908455      0.560524762    
   2.17308664      0.566561282    
   2.17708850      0.572129846    
   2.18109059      0.577133715    
   2.18509245      0.581492543    
   2.18909454      0.585146785    
   2.19309664      0.588058889    
   2.19709849      0.593243778    
   2.20110059      0.594418943    
   2.20510244      0.594784439    
   2.20910454      0.594358325    
   2.21310663      0.593176425    
   2.21710849      0.591282785    
   2.22111058      0.588736534    
   2.22511244      0.585600674    
   2.22911453      0.581942320    
   2.23311663      0.577827573    
   2.23711848      0.575612724    
   2.24112058      0.569580078    
   2.24512267      0.563267767    
   2.24912453      0.556795120    
   2.25312662      0.550267935    
   2.25712848      0.543786407    
   2.26113057      0.537442505    
   2.26513267      0.531317592    
   2.26913452      0.525484800    
   2.27313662      0.520009935    
   2.27713847      0.510388970    
   2.28114057      0.505494475    
   2.28514266      0.501350939    
   2.28914452      0.498013675    
   2.29314661      0.495516151    
   2.29714847      0.493881226    
   2.30115056      0.493116438    
   2.30515265      0.493213087    
   2.30915451      0.494146407    
   2.31315660      0.495885462    
   2.31715846      0.500232220    
   2.32116055      0.502644479    
   2.32516265      0.505752802    
   2.32916451      0.509502292    
   2.33316660      0.513825536    
   2.33716869      0.518643916    
   2.34117055      0.523865044    
   2.34517264      0.529394329    
   2.34917450      0.535130382    
   2.35317659      0.540965617    
   2.35717869      0.544882536    
   2.36118054      0.550453663    
   2.36518264      0.555957735    
   2.36918449      0.561307728    
   2.37318659      0.566413462    
   2.37718868      0.571201444    
   2.38119054      0.575595021    
   2.38519263      0.579531252    
   2.38919449      0.582955182    
   2.39319658      0.585825145    
   2.39719868      0.588319600    
   2.40120053      0.589415312    
   2.40520263      0.589847326    
   2.40920472      0.589620948    
   2.41320658      0.588757157    
   2.41720867      0.587279081    
   2.42121053      0.585225463    
   2.42521262      0.582639754    
   2.42921472      0.579572201    
   2.43321657      0.576077104    
   2.43721867      0.572686553    
   2.44122052      0.567958236    
   2.44522262      0.562991977    
   2.44922471      0.557889044    
   2.45322657      0.552744150    
   2.45722866      0.547651649    
   2.46123052      0.542705238    
   2.46523261      0.537988663    
   2.46923470      0.533584177    
   2.47323656      0.529566944    
   2.47723866      0.522334993    
   2.48124051      0.519514382    
   2.48524261      0.517405093    
   2.48924470      0.516048074    
   2.49324656      0.515470028    
   2.49724865      0.515673578    
   2.50125074      0.516644955    
   2.50525260      0.518350661    
   2.50925469      0.520738602    
   2.51325655      0.523741007    
   2.51725864      0.532759070    
   2.52126074      0.537100375    
   2.52526259      0.541796207    
   2.52926469      0.546751201    
   2.53326654      0.551856697    
   2.53726864      0.556995094    
   2.54127073      0.562045038    
   2.54527259      0.566887558    
   2.54927468      0.571408629    
   2.55327654      0.575503230    
   2.55727863      0.582790673    
   2.56128073      0.585069180    
   2.56528258      0.586798429    
   2.56928468      0.587932527    
   2.57328653      0.588442028    
   2.57728863      0.588311315    
   2.58129072      0.587541223    
   2.58529258      0.586145937    
   2.58929467      0.584158301    
   2.59329677      0.581623852    
   2.59729862      0.575982749    
   2.60130072      0.572160780    
   2.60530257      0.568038344    
   2.60930467      0.563703060    
   2.61330676      0.559247315    
   2.61730862      0.554761291    
   2.62131071      0.550330639    
   2.62531257      0.546038747    
   2.62931466      0.541959703    
   2.63331676      0.538159132    
   2.63731861      0.532775819    
   2.64132071      0.529057324    
   2.64532256      0.525823653    
   2.64932466      0.523136437    
   2.65332675      0.521036565    
   2.65732861      0.519548357    
   2.66133070      0.518679142    
   2.66533256      0.518419087    
   2.66933465      0.518744469    
   2.67333674      0.519620240    
   2.67733860      0.516350746    
   2.68134069      0.517314255    
   2.68534279      0.518950462    
   2.68934464      0.521215558    
   2.69334674      0.524051249    
   2.69734859      0.527392864    
   2.70135069      0.531164348    
   2.70535278      0.535283387    
   2.70935464      0.539665222    
   2.71335673      0.544223130    
   2.71735859      0.548626363    
   2.72136068      0.553064048    
   2.72536278      0.557523012    
   2.72936463      0.561928272    
   2.73336673      0.566198707    
   2.73736858      0.570263982    
   2.74137068      0.574051321    
   2.74537277      0.577492714    
   2.74937463      0.580532193    
   2.75337672      0.583117306    
   2.75737858      0.582200229    
   2.76138067      0.583796799    
   2.76538277      0.584919155    
   2.76938462      0.585556149    
   2.77338672      0.585701227    
   2.77738881      0.585359514    
   2.78139067      0.584541261    
   2.78539276      0.583266020    
   2.78939462      0.581563711    
   2.79339671      0.579464853    
   2.79739881      0.583022177    
   2.80140066      0.580030620    
   2.80540276      0.576655865    
   2.80940461      0.572969019    
   2.81340671      0.569036961    
   2.81740880      0.564930320    
   2.82141066      0.560722291    
   2.82541275      0.556483805    
   2.82941461      0.552282572    
   2.83341670      0.548183262    
   2.83741879      0.542573214    
   2.84142065      0.538016200    
   2.84542274      0.533809185    
   2.84942460      0.530030131    
   2.85342669      0.526744962    
   2.85742879      0.524008214    
   2.86143064      0.521861255    
   2.86543274      0.520331502    
   2.86943483      0.519436359    
   2.87343669      0.519180715    
   2.87743878      0.524163365    
   2.88144064      0.523996413    
   2.88544273      0.524501979    
   2.88944483      0.525672078    
   2.89344668      0.527480721    
   2.89744878      0.529892743    
   2.90145063      0.532853901    
   2.90545273      0.536301017    
   2.90945482      0.540161550    
   2.91345668      0.544351578    
   2.91745877      0.551936686    
   2.92146063      0.556242526    
   2.92546272      0.560652137    
   2.92946482      0.565082192    
   2.93346667      0.569447935    
   2.93746877      0.573659956    
   2.94147062      0.577631176    
   2.94547272      0.581279278    
   2.94947481      0.584527135    
   2.95347667      0.587305486    
   2.95747876      0.592785656    
   2.96148086      0.594443262    
   2.96548271      0.595514119    
   2.96948481      0.595974922    
   2.97348666      0.595813513    
   2.97748876      0.595032513    
   2.98149085      0.593640864    
   2.98549271      0.591664016    
   2.98949480      0.589137435    
   2.99349666      0.586108327    
   2.99749875      0.585047364    
   3.00150084      0.581833363    
   3.00550270      0.578230321    
   3.00950480      0.574313283    
   3.01350665      0.570156753    
   3.01750875      0.565841675    
   3.02151084      0.561443985    
   3.02551270      0.557039082    
   3.02951479      0.552699864    
   3.03351665      0.548490763    
   3.03751874      0.547077656    
   3.04152083      0.542306423    
   3.04552269      0.537853479    
   3.04952478      0.533798635    
   3.05352688      0.530206442    
   3.05752873      0.527128100    
   3.06153083      0.524599493    
   3.06553268      0.522642016    
   3.06953478      0.521267176    
   3.07353687      0.520468056    
   3.07753873      0.517026186    
   3.08154082      0.516451538    
   3.08554268      0.516605437    
   3.08954477      0.517472744    
   3.09354687      0.519023836    
   3.09754872      0.521215975    
   3.10155082      0.523989320    
   3.10555267      0.527279019    
   3.10955477      0.531007290    
   3.11355686      0.535094142    
   3.11755872      0.535552740    
   3.12156081      0.539504170    
   3.12556267      0.543736577    
   3.12956476      0.548171282    
   3.13356686      0.552727699    
   3.13756871      0.557320416    
   3.14157081      0.561864257    
   3.14557290      0.566276908    
   3.14957476      0.570478559    
   3.15357685      0.574396312    
   3.15757871      0.571213067    
   3.16158080      0.574428499    
   3.16558290      0.577350199    
   3.16958475      0.579931438    
   3.17358685      0.582131863    
   3.17758870      0.583917856    
   3.18159080      0.585262001    
   3.18559289      0.586147010    
   3.18959475      0.586562693    
   3.19359684      0.586505294    
   3.19759870      0.587328613    
   3.20160079      0.585697293    
   3.20560288      0.583627760    
   3.20960474      0.581162393    
   3.21360683      0.578345299    
   3.21760869      0.575228095    
   3.22161078      0.571860075    
   3.22561288      0.568295360    
   3.22961473      0.564585984    
   3.23361683      0.560786009    
   3.23761892      0.557776511    
   3.24162078      0.553263009    
   3.24562287      0.548844159    
   3.24962473      0.544598162    
   3.25362682      0.540595174    
   3.25762892      0.536896348    
   3.26163077      0.533560574    
   3.26563287      0.530633092    
   3.26963472      0.528155029    
   3.27363682      0.526155412    
   3.27763891      0.521855593    
   3.28164077      0.521033108    
   3.28564286      0.520807683    
   3.28964472      0.521186352    
   3.29364681      0.522162080    
   3.29764891      0.523714781    
   3.30165076      0.525808334    
   3.30565286      0.528397262    
   3.30965471      0.531424522    
   3.31365681      0.534822464    
   3.31765890      0.541467726    
   3.32166076      0.545215547    
   3.32566285      0.549089670    
   3.32966495      0.553021431    
   3.33366680      0.556940258    
   3.33766890      0.560769677    
   3.34167075      0.564435005    
   3.34567285      0.567863047    
   3.34967494      0.570988297    
   3.35367680      0.573746681    
   3.35767889      0.580286145    
   3.36168075      0.581789553    
   3.36568284      0.582790911    
   3.36968493      0.583275676    
   3.37368679      0.583236814    
   3.37768888      0.582678676    
   3.38169074      0.581613183    
   3.38569283      0.580061138    
   3.38969493      0.578051984    
   3.39369678      0.575622678    
   3.39769888      0.581657171    
   3.40170074      0.578733265    
   3.40570283      0.575340450    
   3.40970492      0.571548939    
   3.41370678      0.567428350    
   3.41770887      0.563053489    
   3.42171097      0.558496773    
   3.42571282      0.553828895    
   3.42971492      0.549118280    
   3.43371677      0.544427633    
   3.43771887      0.538000524    
   3.44172096      0.532806993    
   3.44572282      0.527913630    
   3.44972491      0.523397744    
   3.45372677      0.519327521    
   3.45772886      0.515754104    
   3.46173096      0.512718141    
   3.46573281      0.510248005    
   3.46973491      0.508359432    
   3.47373676      0.507057846    
   3.47773886      0.503785849    
   3.48174095      0.503048956    
   3.48574281      0.503069162    
   3.48974490      0.503836393    
   3.49374676      0.505323410    
   3.49774885      0.507486165    
   3.50175095      0.510270536    
   3.50575280      0.513607860    
   3.50975490      0.517423451    
   3.51375699      0.521632791    
   3.51775885      0.526762187    
   3.52176094      0.530999124    
   3.52576280      0.535468340    
   3.52976489      0.540089488    
   3.53376698      0.544779122    
   3.53776884      0.549448550    
   3.54177094      0.554011583    
   3.54577279      0.558381498    
   3.54977489      0.562479377    
   3.55377698      0.566228986    
   3.55777884      0.566392660    
   3.56178093      0.569009364    
   3.56578279      0.571235895    
   3.56978488      0.573035955    
   3.57378697      0.574380577    
   3.57778883      0.575246930    
   3.58179092      0.575621545    
   3.58579278      0.575500071    
   3.58979487      0.574885070    
   3.59379697      0.573786974    
   3.59779882      0.571063757    
   3.60180092      0.568460524    
   3.60580301      0.565512776    
   3.60980487      0.562272847    
   3.61380696      0.558797956    
   3.61780882      0.555143178    
   3.62181091      0.551364958    
   3.62581301      0.547517896    
   3.62981486      0.543654740    
   3.63381696      0.539824843    
   3.63781881      0.535043538    
   3.64182091      0.530449688    
   3.64582300      0.526130557    
   3.64982486      0.522155821    
   3.65382695      0.518583715    
   3.65782881      0.515465081    
   3.66183090      0.512838066    
   3.66583300      0.510729671    
   3.66983485      0.509160876    
   3.67383695      0.508137405    
   3.67783880      0.504504502    
   3.68184090      0.504588664    
   3.68584299      0.505321503    
   3.68984485      0.506689668    
   3.69384694      0.508664846    
   3.69784904      0.511208117    
   3.70185089      0.514268756    
   3.70585299      0.517785251    
   3.70985484      0.521687090    
   3.71385694      0.525898159    
   3.71785903      0.530345857    
   3.72186089      0.534212947    
   3.72586298      0.538218915    
   3.72986484      0.542299509    
   3.73386693      0.546383917    
   3.73786902      0.550400019    
   3.74187088      0.554275870    
   3.74587297      0.557940483    
   3.74987483      0.561326683    
   3.75387692      0.564372838    
   3.75787902      0.568534911    
   3.76188087      0.570109785    
   3.76588297      0.571277380    
   3.76988482      0.572021961    
   3.77388692      0.572332442    
   3.77788901      0.572207570    
   3.78189087      0.571651638    
   3.78589296      0.570677221    
   3.78989506      0.569304645    
   3.79389691      0.567559481    
   3.79789901      0.566089332    
   3.80190086      0.563297510    
   3.80590296      0.560260057    
   3.80990505      0.557037830    
   3.81390691      0.553689003    
   3.81790900      0.550271690    
   3.82191086      0.546840966    
   3.82591295      0.543446422    
   3.82991505      0.540134013    
   3.83391690      0.536942661    
   3.83791900      0.539564312    
   3.84192085      0.536103964    
   3.84592295      0.532861412    
   3.84992504      0.529885173    
   3.85392690      0.527216375    
   3.85792899      0.524883628    
   3.86193085      0.522907019    
   3.86593294      0.521297753    
   3.86993504      0.520059764    
   3.87393689      0.519188821    
   3.87793899      0.521710992    
   3.88194108      0.520591259    
   3.88594294      0.519921422    
   3.88994503      0.519702435    
   3.89394689      0.519924939    
   3.89794898      0.520569801    
   3.90195107      0.521610081    
   3.90595293      0.523010194    
   3.90995502      0.524730206    
   3.91395688      0.526723742    
   3.91795897      0.539226830    
   3.92196107      0.540933132    
   3.92596292      0.542717516    
   3.92996502      0.544549108    
   3.93396688      0.546391726    
   3.93796897      0.548206747    
   3.94197106      0.549952269    
   3.94597292      0.551588774    
   3.94997501      0.553075492    
   3.95397687      0.554374516    
   3.95797896      0.557018042    
   3.96198106      0.556731701    
   3.96598291      0.556291223    
   3.96998501      0.555702925    
   3.97398710      0.554972649    
   3.97798896      0.554106593    
   3.98199105      0.553113699    
   3.98599291      0.552004337    
   3.98999500      0.550790727    
   3.99399710      0.549487531    
   3.99799895      0.548145711    
   4.00200081      0.546375215    
   4.00600290      0.544606686    
   4.01000500      0.542870641    
   4.01400709      0.541195452    
   4.01800919      0.539603770    
   4.02201080      0.538114905    
   4.02601290      0.536744833    
   4.03001499      0.535501957    
   4.03401709      0.534393191    
   4.03801918      0.536320329    
   4.04202080      0.534635663    
   4.04602289      0.533118308    
   4.05002499      0.531791091    
   4.05402708      0.530670941    
   4.05802917      0.529769242    
   4.06203079      0.529088557    
   4.06603289      0.528629363    
   4.07003498      0.528384626    
   4.07403708      0.528347194    
   4.07803917      0.530671120    
   4.08204079      0.530101120    
   4.08604288      0.529756665    
   4.09004498      0.529640198    
   4.09404707      0.529751778    
   4.09804916      0.530082703    
   4.10205126      0.530622303    
   4.10605288      0.531352937    
   4.11005497      0.532253146    
   4.11405706      0.533298850    
   4.11805916      0.536273062    
   4.12206125      0.536518812    
   4.12606287      0.536862135    
   4.13006496      0.537297606    
   4.13406706      0.537816644    
   4.13806915      0.538405418    
   4.14207125      0.539047539    
   4.14607286      0.539722741    
   4.15007496      0.540411294    
   4.15407705      0.541091800    
   4.15807915      0.535985291    
   4.16208124      0.536234498    
   4.16608286      0.536603987    
   4.17008495      0.537088752    
   4.17408705      0.537680805    
   4.17808914      0.538369238    
   4.18209124      0.539140224    
   4.18609285      0.539978862    
   4.19009495      0.540868402    
   4.19409704      0.541792274    
   4.19809914      0.543091357    
   4.20210123      0.543171525    
   4.20610285      0.543302178    
   4.21010494      0.543486059    
   4.21410704      0.543722749    
   4.21810913      0.544008970    
   4.22211123      0.544333100    
   4.22611284      0.544684172    
   4.23011494      0.545044780    
   4.23411703      0.545398414    
   4.23811913      0.547405481    
   4.24212122      0.547969639    
   4.24612284      0.548530817    
   4.25012493      0.549075723    
   4.25412703      0.549588621    
   4.25812912      0.550050735    
   4.26213121      0.550440550    
   4.26613283      0.550737202    
   4.27013493      0.550921559    
   4.27413702      0.550973475    
   4.27813911      0.545552313    
   4.28214121      0.544998884    
   4.28614330      0.544489861    
   4.29014492      0.544027328    
   4.29414701      0.543609977    
   4.29814911      0.543234944    
   4.30215120      0.542897761    
   4.30615330      0.542591155    
   4.31015491      0.542309642    
   4.31415701      0.542043567    
   4.31815910      0.540053308    
   4.32216120      0.539275825    
   4.32616329      0.538595915    
   4.33016491      0.538022101    
   4.33416700      0.537558556    
   4.33816910      0.537202835    
   4.34217119      0.536949039    
   4.34617329      0.536787331    
   4.35017490      0.536702991    
   4.35417700      0.536680818    
   4.35817909      0.537626505    
   4.36218119      0.537824094    
   4.36618328      0.538097501    
   4.37018490      0.538438559    
   4.37418699      0.538835764    
   4.37818909      0.539273679    
   4.38219118      0.539733946    
   4.38619328      0.540199339    
   4.39019489      0.540649593    
   4.39419699      0.541067362    
   4.39819908      0.547712386    
   4.40220118      0.546892583    
   4.40620327      0.546011448    
   4.41020489      0.545083106    
   4.41420698      0.544120669    
   4.41820908      0.543133616    
   4.42221117      0.542132378    
   4.42621326      0.541124046    
   4.43021488      0.540116072    
   4.43421698      0.539113224    
   4.43821907      0.534423947    
   4.44222116      0.532869577    
   4.44622326      0.531479001    
   4.45022488      0.530275762    
   4.45422697      0.529273212    
   4.45822906      0.528482676    
   4.46223116      0.527906120    
   4.46623325      0.527542412    
   4.47023535      0.527383268    
   4.47423697      0.527418435    
   4.47823906      0.526708245    
   4.48224115      0.526242495    
   4.48624325      0.526031017    
   4.49024534      0.526075065    
   4.49424696      0.526369393    
   4.49824905      0.526902378    
   4.50225115      0.527655900    
   4.50625324      0.528606653    
   4.51025534      0.529728353    
   4.51425695      0.530991435    
   4.51825905      0.533126533    
   4.52226114      0.534216046    
   4.52626324      0.535413682    
   4.53026533      0.536698937    
   4.53426695      0.538047314    
   4.53826904      0.539430976    
   4.54227114      0.540820360    
   4.54627323      0.542184770    
   4.55027533      0.543492496    
   4.55427694      0.544713616    
   4.55827904      0.546039224    
   4.56228113      0.546279073    
   4.56628323      0.546453595    
   4.57028532      0.546562970    
   4.57428694      0.546605468    
   4.57828903      0.546580017    
   4.58229113      0.546483994    
   4.58629322      0.546314895    
   4.59029531      0.546071529    
   4.59429693      0.545752108    
   4.59829903      0.546055734    
   4.60230112      0.545538068    
   4.60630322      0.544992149    
   4.61030531      0.544430614    
   4.61430693      0.543861449    
   4.61830902      0.543292522    
   4.62231112      0.542728484    
   4.62631321      0.542170942    
   4.63031530      0.541618586    
   4.63431692      0.541071594    
   4.63831902      0.542754114    
   4.64232111      0.542159319    
   4.64632320      0.541591167    
   4.65032530      0.541058362    
   4.65432739      0.540563047    
   4.65832901      0.540105820    
   4.66233110      0.539681196    
   4.66633320      0.539282620    
   4.67033529      0.538901627    
   4.67433739      0.538527489    
   4.67833900      0.542140305    
   4.68234110      0.541969419    
   4.68634319      0.541792274    
   4.69034529      0.541608989    
   4.69434738      0.541419148    
   4.69834900      0.541218758    
   4.70235109      0.541002989    
   4.70635319      0.540766418    
   4.71035528      0.540501595    
   4.71435738      0.540202975    
   4.71835899      0.547378957    
   4.72236109      0.546102405    
   4.72636318      0.544758141    
   4.73036528      0.543368995    
   4.73436737      0.541952252    
   4.73836899      0.540524662    
   4.74237108      0.539099932    
   4.74637318      0.537688911    
   4.75037527      0.536301255    
   4.75437737      0.534944475    
   4.75837898      0.533789098    
   4.76238108      0.531821012    
   4.76638317      0.530024409    
   4.77038527      0.528427303    
   4.77438736      0.527048409    
   4.77838898      0.525903165    
   4.78239107      0.524998069    
   4.78639317      0.524335504    
   4.79039526      0.523912132    
   4.79439735      0.523721397    
   4.79839897      0.528160334    
   4.80240107      0.527067184    
   4.80640316      0.526224196    
   4.81040525      0.525642693    
   4.81440735      0.525325716    
   4.81840944      0.525268793    
   4.82241106      0.525460303    
   4.82641315      0.525881708    
   4.83041525      0.526509821    
   4.83441734      0.527317643    
   4.83841944      0.532038927    
   4.84242105      0.532291174    
   4.84642315      0.532670915    
   4.85042524      0.533169687    
   4.85442734      0.533772886    
   4.85842943      0.534460783    
   4.86243105      0.535211980    
   4.86643314      0.535999417    
   4.87043524      0.536797702    
   4.87443733      0.537578523    
   4.87843943      0.545273304    
   4.88244104      0.545233130    
   4.88644314      0.545101583    
   4.89044523      0.544880629    
   4.89444733      0.544568598    
   4.89844942      0.544165373    
   4.90245104      0.543669701    
   4.90645313      0.543080568    
   4.91045523      0.542399466    
   4.91445732      0.541625798    
   4.91845942      0.540444970    
   4.92246103      0.538746893    
   4.92646313      0.537048817    
   4.93046522      0.535379112    
   4.93446732      0.533762753    
   4.93846941      0.532220721    
   4.94247103      0.530773461    
   4.94647312      0.529436707    
   4.95047522      0.528222859    
   4.95447731      0.527143359    
   4.95847940      0.520563483    
   4.96248102      0.519616187    
   4.96648312      0.518970430    
   4.97048521      0.518637955    
   4.97448730      0.518623590    
   4.97848940      0.518923998    
   4.98249102      0.519526362    
   4.98649311      0.520411789    
   4.99049520      0.521553695    
   4.99449730      0.522920489    
   4.99849939      0.523376942    
   5.00250149      0.524411798    
   5.00650311      0.525703251    
   5.01050520      0.527227998    
   5.01450729      0.528956294    
   5.01850939      0.530851483    
   5.02251148      0.532870710    
   5.02651310      0.534968197    
   5.03051519      0.537096262    
   5.03451729      0.539207041    
   5.03851938      0.542461753    
   5.04252148      0.544057429    
   5.04652309      0.545574605    
   5.05052519      0.546983778    
   5.05452728      0.548256874    
   5.05852938      0.549367011    
   5.06253147      0.550286651    
   5.06653309      0.550993919    
   5.07053518      0.551466823    
   5.07453728      0.551690280    
   5.07853937      0.550145149    
   5.08254147      0.549122632    
   5.08654308      0.547944307    
   5.09054518      0.546630204    
   5.09454727      0.545199394    
   5.09854937      0.543671429    
   5.10255146      0.542064786    
   5.10655308      0.540397286    
   5.11055517      0.538687646    
   5.11455727      0.536952198    
   5.11855936      0.538453460    
   5.12256145      0.536560595    
   5.12656307      0.534738541    
   5.13056517      0.533014834    
   5.13456726      0.531414151    
   5.13856936      0.529954493    
   5.14257145      0.528649032    
   5.14657307      0.527506053    
   5.15057516      0.526529849    
   5.15457726      0.525720000    
   5.15857935      0.527465940    
   5.16258144      0.526126325    
   5.16658306      0.525010109    
   5.17058516      0.524134636    
   5.17458725      0.523508072    
   5.17858934      0.523133159    
   5.18259144      0.523005545    
   5.18659353      0.523115516    
   5.19059515      0.523447216    
   5.19459724      0.523980498    
   5.19859934      0.519730031    
   5.20260143      0.519852877    
   5.20660353      0.520311952    
   5.21060514      0.521097481    
   5.21460724      0.522189498    
   5.21860933      0.523561478    
   5.22261143      0.525179267    
   5.22661352      0.527003765    
   5.23061514      0.528991163    
   5.23461723      0.531095207    
   5.23861933      0.533976793    
   5.24262142      0.535899162    
   5.24662352      0.537909269    
   5.25062513      0.539970160    
   5.25462723      0.542043984    
   5.25862932      0.544089198    
   5.26263142      0.546062768    
   5.26663351      0.547922671    
   5.27063513      0.549627125    
   5.27463722      0.551137805    
   5.27863932      0.551284909    
   5.28264141      0.551693022    
   5.28664351      0.551936269    
   5.29064512      0.552007914    
   5.29464722      0.551903486    
   5.29864931      0.551618159    
   5.30265141      0.551150084    
   5.30665350      0.550497830    
   5.31065512      0.549664795    
   5.31465721      0.548654675    
   5.31865931      0.549660027    
   5.32266140      0.547773302    
   5.32666349      0.545764625    
   5.33066511      0.543667138    
   5.33466721      0.541513562    
   5.33866930      0.539335668    
   5.34267139      0.537161350    
   5.34667349      0.535018563    
   5.35067511      0.532931685    
   5.35467720      0.530923426    
   5.35867929      0.530373335    
   5.36268139      0.527868688    
   5.36668348      0.525570869    
   5.37068558      0.523517013    
   5.37468719      0.521738589    
   5.37868929      0.520259976    
   5.38269138      0.519097805    
   5.38669348      0.518261850    
   5.39069557      0.517754793    
   5.39469719      0.517574012    
   5.39869928      0.512008190    
   5.40270138      0.512073278    
   5.40670347      0.512611687    
   5.41070557      0.513614953    
   5.41470718      0.515062392    
   5.41870928      0.516924977    
   5.42271137      0.519161642    
   5.42671347      0.521725297    
   5.43071556      0.524560452    
   5.43471718      0.527606606    
   5.43871927      0.530455768    
   5.44272137      0.534052312    
   5.44672346      0.537749290    
   5.45072556      0.541484296    
   5.45472717      0.545190930    
   5.45872927      0.548800826    
   5.46273136      0.552245378    
   5.46673346      0.555457115    
   5.47073555      0.558373272    
   5.47473717      0.560936928    
   5.47873926      0.559769452    
   5.48274136      0.560817838    
   5.48674345      0.561546862    
   5.49074554      0.561941206    
   5.49474716      0.561992407    
   5.49874926      0.561694920    
   5.50275135      0.561049879    
   5.50675344      0.560065150    
   5.51075554      0.558752120    
   5.51475716      0.557129025    
   5.51875925      0.549039543    
   5.52276134      0.546412349    
   5.52676344      0.543709517    
   5.53076553      0.540978432    
   5.53476715      0.538264513    
   5.53876925      0.535609126    
   5.54277134      0.533051074    
   5.54677343      0.530622125    
   5.55077553      0.528350532    
   5.55477762      0.526258945    
   5.55877924      0.523746133    
   5.56278133      0.521022379    
   5.56678343      0.518648565    
   5.57078552      0.516661882    
   5.57478762      0.515088558    
   5.57878923      0.513944328    
   5.58279133      0.513233662    
   5.58679342      0.512952328    
   5.59079552      0.513087153    
   5.59479761      0.513617098    
   5.59879923      0.518363118    
   5.60280132      0.519313335    
   5.60680342      0.520627201    
   5.61080551      0.522279024    
   5.61480761      0.524232686    
   5.61880922      0.526446939    
   5.62281132      0.528874040    
   5.62681341      0.531459928    
   5.63081551      0.534150779    
   5.63481760      0.536887586    
   5.63881922      0.540128767    
   5.64282131      0.542205215    
   5.64682341      0.544259965    
   5.65082550      0.546258390    
   5.65482759      0.548162580    
   5.65882921      0.549936056    
   5.66283131      0.551541090    
   5.66683340      0.552942157    
   5.67083549      0.554107547    
   5.67483759      0.555008352    
   5.67883921      0.555210650    
   5.68284130      0.555064380    
   5.68684340      0.554712415    
   5.69084549      0.554158270    
   5.69484758      0.553406417    
   5.69884920      0.552462280    
   5.70285130      0.551334143    
   5.70685339      0.550032377    
   5.71085548      0.548568964    
   5.71485758      0.546959400    
   5.71885920      0.549109221    
   5.72286129      0.546642721    
   5.72686338      0.544087291    
   5.73086548      0.541485608    
   5.73486757      0.538879335    
   5.73886967      0.536306918    
   5.74287128      0.533802330    
   5.74687338      0.531396329    
   5.75087547      0.529115617    
   5.75487757      0.526982784    
   5.75887966      0.521024227    
   5.76288128      0.518493414    
   5.76688337      0.516315997    
   5.77088547      0.514525652    
   5.77488756      0.513145983    
   5.77888966      0.512190044    
   5.78289127      0.511663258    
   5.78689337      0.511559784    
   5.79089546      0.511868000    
   5.79489756      0.512568295    
   5.79889965      0.519353390    
   5.80290127      0.519591093    
   5.80690336      0.520168006    
   5.81090546      0.521073580    
   5.81490755      0.522288442    
   5.81890965      0.523785889    
   5.82291126      0.525531173    
   5.82691336      0.527484655    
   5.83091545      0.529601157    
   5.83491755      0.531832099    
   5.83891964      0.533051968    
   5.84292126      0.535234869    
   5.84692335      0.537472606    
   5.85092545      0.539728522    
   5.85492754      0.541962326    
   5.85892963      0.544132471    
   5.86293125      0.546193838    
   5.86693335      0.548104882    
   5.87093544      0.549824595    
   5.87493753      0.551315129    
   5.87893963      0.556454301    
   5.88294125      0.557212591    
   5.88694334      0.557692647    
   5.89094543      0.557886660    
   5.89494753      0.557789028    
   5.89894962      0.557398915    
   5.90295124      0.556716740    
   5.90695333      0.555749714    
   5.91095543      0.554507852    
   5.91495752      0.553005397    
   5.91895962      0.552774727    
   5.92296171      0.550359666    
   5.92696333      0.547786176    
   5.93096542      0.545097768    
   5.93496752      0.542338610    
   5.93896961      0.539550602    
   5.94297171      0.536772013    
   5.94697332      0.534040689    
   5.95097542      0.531387210    
   5.95497751      0.528842628    
   5.95897961      0.527510166    
   5.96298170      0.524247825    
   5.96698332      0.521265030    
   5.97098541      0.518610775    
   5.97498751      0.516322553    
   5.97898960      0.514429867    
   5.98299170      0.512951136    
   5.98699331      0.511896074    
   5.99099541      0.511265516    
   5.99499750      0.511052012    
   5.99899960      0.522325337    
   6.00300169      0.522383332    
   6.00700331      0.522741258    
   6.01100540      0.523390114    
   6.01500750      0.524310768    
   6.01900959      0.525478601    
   6.02301168      0.526861191    
   6.02701330      0.528421223    
   6.03101540      0.530117750    
   6.03501749      0.531907797    
   6.03901958      0.534890831    
   6.04302168      0.536081076    
   6.04702330      0.537342608    
   6.05102539      0.538650334    
   6.05502748      0.539978504    
   6.05902958      0.541297078    
   6.06303167      0.542575657    
   6.06703329      0.543781400    
   6.07103539      0.544884086    
   6.07503748      0.545854747    
   6.07903957      0.544456184    
   6.08304167      0.544414461    
   6.08704329      0.544324934    
   6.09104538      0.544185877    
   6.09504747      0.543995321    
   6.09904957      0.543748736    
   6.10305166      0.543440640    
   6.10705376      0.543066978    
   6.11105537      0.542622864    
   6.11505747      0.542103529    
   6.11905956      0.544590771    
   6.12306166      0.543045700    
   6.12706375      0.541484952    
   6.13106537      0.539932430    
   6.13506746      0.538410783    
   6.13906956      0.536937475    
   6.14307165      0.535528600    
   6.14707375      0.534196079    
   6.15107536      0.532949507    
   6.15507746      0.531795084    
   6.15907955      0.525014758    
   6.16308165      0.523474097    
   6.16708374      0.522233725    
   6.17108536      0.521311283    
   6.17508745      0.520715296    
   6.17908955      0.520447671    
   6.18309164      0.520500779    
   6.18709373      0.520862520    
   6.19109535      0.521512330    
   6.19509745      0.522427619    
   6.19909954      0.528731108    
   6.20310163      0.528848469    
   6.20710373      0.529182017    
   6.21110535      0.529725730    
   6.21510744      0.530466020    
   6.21910954      0.531385005    
   6.22311163      0.532457650    
   6.22711372      0.533657312    
   6.23111534      0.534951150    
   6.23511744      0.536305904    
   6.23911953      0.542282879    
   6.24312162      0.543472350    
   6.24712372      0.544633150    
   6.25112534      0.545744419    
   6.25512743      0.546785235    
   6.25912952      0.547731042    
   6.26313162      0.548559904    
   6.26713371      0.549248040    
   6.27113533      0.549775302    
   6.27513742      0.550123453    
   6.27913952      0.546946466    
   6.28314161      0.546518624    
   6.28714371      0.546009958    
   6.29114580      0.545428455    
   6.29514742      0.544782043    
   6.29914951      0.544078231    
   6.30315161      0.543324113    
   6.30715370      0.542527437    
   6.31115580      0.541695952    
   6.31515741      0.540837228    
   6.31915951      0.537770152    
   6.32316160      0.536119759    
   6.32716370      0.534569025    
   6.33116579      0.533148229    
   6.33516741      0.531881690    
   6.33916950      0.530786395    
   6.34317160      0.529875755    
   6.34717369      0.529155374    
   6.35117579      0.528625429    
   6.35517740      0.528281689    
   6.35917950      0.529632628    
   6.36318159      0.528705359    
   6.36718369      0.528004050    
   6.37118578      0.527536631    
   6.37518740      0.527304947    
   6.37918949      0.527303994    
   6.38319159      0.527522147    
   6.38719368      0.527942002    
   6.39119577      0.528543115    
   6.39519739      0.529301643    
   6.39919949      0.532776058    
   6.40320158      0.533181608    
   6.40720367      0.533751070    
   6.41120577      0.534473002    
   6.41520739      0.535330176    
   6.41920948      0.536302090    
   6.42321157      0.537363112    
   6.42721367      0.538485229    
   6.43121576      0.539640069    
   6.43521738      0.540796220    
   6.43921947      0.542374194    
   6.44322157      0.543374479    
   6.44722366      0.544359088    
   6.45122576      0.545312643    
   6.45522785      0.546214402    
   6.45922947      0.547043920    
   6.46323156      0.547779620    
   6.46723366      0.548399448    
   6.47123575      0.548881948    
   6.47523785      0.549209595    
   6.47923946      0.548685014    
   6.48324156      0.547962904    
   6.48724365      0.547180593    
   6.49124575      0.546350420    
   6.49524784      0.545482576    
   6.49924946      0.544585347    
   6.50325155      0.543667555    
   6.50725365      0.542735696    
   6.51125574      0.541796744    
   6.51525784      0.540856123    
   6.51925945      0.541489542    
   6.52326155      0.539548755    
   6.52726364      0.537700236    
   6.53126574      0.535973668    
   6.53526783      0.534393370    
   6.53926945      0.532977104    
   6.54327154      0.531737924    
   6.54727364      0.530681252    
   6.55127573      0.529808223    
   6.55527782      0.529115736    
   6.55927944      0.529229879    
   6.56328154      0.527600288    
   6.56728363      0.526266813    
   6.57128572      0.525247514    
   6.57528782      0.524549842    
   6.57928944      0.524175286    
   6.58329153      0.524116993    
   6.58729362      0.524363220    
   6.59129572      0.524896026    
   6.59529781      0.525693476    
   6.59929943      0.532456040    
   6.60330153      0.533009231    
   6.60730362      0.533745527    
   6.61130571      0.534652770    
   6.61530781      0.535711467    
   6.61930943      0.536898375    
   6.62331152      0.538185477    
   6.62731361      0.539541483    
   6.63131571      0.540931940    
   6.63531780      0.542322576    
   6.63931990      0.545501530    
   6.64332151      0.545877814    
   6.64732361      0.546221852    
   6.65132570      0.546525359    
   6.65532780      0.546779811    
   6.65932989      0.546974599    
   6.66333151      0.547096908    
   6.66733360      0.547135890    
   6.67133570      0.547080159    
   6.67533779      0.546922386    
   6.67933989      0.547287464    
   6.68334150      0.546086848    
   6.68734360      0.544852734    
   6.69134569      0.543604791    
   6.69534779      0.542361617    
   6.69934988      0.541140497    
   6.70335150      0.539957941    
   6.70735359      0.538827002    
   6.71135569      0.537761033    
   6.71535778      0.536770880    
   6.71935987      0.538341582    
   6.72336149      0.536723018    
   6.72736359      0.535248995    
   6.73136568      0.533946097    
   6.73536777      0.532835901    
   6.73936987      0.531933427    
   6.74337149      0.531246543    
   6.74737358      0.530775905    
   6.75137568      0.530518174    
   6.75537777      0.530462503    
   6.75937986      0.528877378    
   6.76338148      0.528643727    
   6.76738358      0.528712332    
   6.77138567      0.529079616    
   6.77538776      0.529733419    
   6.77938986      0.530653358    
   6.78339148      0.531812489    
   6.78739357      0.533179164    
   6.79139566      0.534717083    
   6.79539776      0.536387980    
   6.79939985      0.536326170    
   6.80340147      0.537533820    
   6.80740356      0.538904011    
   6.81140566      0.540413022    
   6.81540775      0.542031348    
   6.81940985      0.543725729    
   6.82341194      0.545461237    
   6.82741356      0.547199309    
   6.83141565      0.548901320    
   6.83541775      0.550531268    
   6.83941984      0.550793171    
   6.84342194      0.551686287    
   6.84742355      0.552522540    
   6.85142565      0.553288817    
   6.85542774      0.553968191    
   6.85942984      0.554545224    
   6.86343193      0.555001199    
   6.86743355      0.555320561    
   6.87143564      0.555488408    
   6.87543774      0.555491984    
   6.87943983      0.560651660    
   6.88344193      0.559897959    
   6.88744354      0.558952153    
   6.89144564      0.557829261    
   6.89544773      0.556547105    
   6.89944983      0.555123031    
   6.90345192      0.553574026    
   6.90745354      0.551918507    
   6.91145563      0.550175011    
   6.91545773      0.548361659    
   6.91945982      0.545465410    
   6.92346191      0.543200910    
   6.92746353      0.541013718    
   6.93146563      0.538939536    
   6.93546772      0.537007570    
   6.93946981      0.535242736    
   6.94347191      0.533663630    
   6.94747353      0.532282889    
   6.95147562      0.531109452    
   6.95547771      0.530145288    
   6.95947981      0.530878484    
   6.96348190      0.529238999    
   6.96748352      0.527905703    
   6.97148561      0.526896894    
   6.97548771      0.526222110    
   6.97948980      0.525882006    
   6.98349190      0.525869429    
   6.98749352      0.526171505    
   6.99149561      0.526768029    
   6.99549770      0.527635515    
   6.99949980      0.527999938    
   7.00350189      0.528913081    
   7.00750399      0.530124426    
   7.01150560      0.531612337    
   7.01550770      0.533347487    
   7.01950979      0.535294056    
   7.02351189      0.537412465    
   7.02751398      0.539657056    
   7.03151560      0.541980088    
   7.03551769      0.544331849    
   7.03951979      0.547397673    
   7.04352188      0.549256682    
   7.04752398      0.551072896    
   7.05152559      0.552816033    
   7.05552769      0.554454684    
   7.05952978      0.555956185    
   7.06353188      0.557289064    
   7.06753397      0.558422863    
   7.07153559      0.559331834    
   7.07553768      0.559992313    
   7.07953978      0.557005227    
   7.08354187      0.556948185    
   7.08754396      0.556716621    
   7.09154558      0.556315541    
   7.09554768      0.555750728    
   7.09954977      0.555029929    
   7.10355186      0.554162204    
   7.10755396      0.553158224    
   7.11155558      0.552029729    
   7.11555767      0.550790608    
   7.11955976      0.545057833    
   7.12356186      0.543539166    
   7.12756395      0.542071819    
   7.13156557      0.540682018    
   7.13556767      0.539393902    
   7.13956976      0.538226783    
   7.14357185      0.537193716    
   7.14757395      0.536303341    
   7.15157557      0.535558760    
   7.15557766      0.534958959    
   7.15957975      0.535659194    
   7.16358185      0.534771919    
   7.16758394      0.534092844    
   7.17158556      0.533629358    
   7.17558765      0.533384442    
   7.17958975      0.533352852    
   7.18359184      0.533524394    
   7.18759394      0.533882380    
   7.19159603      0.534407973    
   7.19559765      0.535078049    
   7.19959974      0.539759278    
   7.20360184      0.539607882    
   7.20760393      0.539579451    
   7.21160603      0.539671779    
   7.21560764      0.539878547    
   7.21960974      0.540189981    
   7.22361183      0.540593565    
   7.22761393      0.541073918    
   7.23161602      0.541614652    
   7.23561764      0.542196631    
   7.23961973      0.540559709    
   7.24362183      0.540704668    
   7.24762392      0.540943861    
   7.25162601      0.541273832    
   7.25562763      0.541687906    
   7.25962973      0.542174220    
   7.26363182      0.542717576    
   7.26763391      0.543299496    
   7.27163601      0.543899775    
   7.27563763      0.544497073    
   7.27963972      0.545346677    
   7.28364182      0.545358121    
   7.28764391      0.545410395    
   7.29164600      0.545502067    
   7.29564762      0.545626521    
   7.29964972      0.545774639    
   7.30365181      0.545935929    
   7.30765390      0.546096683    
   7.31165600      0.546243966    
   7.31565762      0.546363890    
   7.31965971      0.550115824    
   7.32366180      0.550242484    
   7.32766390      0.550294757    
   7.33166599      0.550270736    
   7.33566761      0.550168037    
   7.33966970      0.549983025    
   7.34367180      0.549712300    
   7.34767389      0.549349070    
   7.35167599      0.548890233    
   7.35567760      0.548330665    
   7.35967970      0.548677444    
   7.36368179      0.547515094    
   7.36768389      0.546311736    
   7.37168598      0.545084834    
   7.37568808      0.543850660    
   7.37968969      0.542621493    
   7.38369179      0.541408122    
   7.38769388      0.540220141    
   7.39169598      0.539063990    
   7.39569807      0.537947774    
   7.39969969      0.539929092    
   7.40370178      0.538366199    
   7.40770388      0.536901534    
   7.41170597      0.535558224    
   7.41570807      0.534353197    
   7.41970968      0.533300877    
   7.42371178      0.532410800    
   7.42771387      0.531688154    
   7.43171597      0.531135559    
   7.43571806      0.530750692    
   7.43971968      0.532189250    
   7.44372177      0.531788766    
   7.44772387      0.531570017    
   7.45172596      0.531536818    
   7.45572805      0.531687677    
   7.45972967      0.532013834    
   7.46373177      0.532500565    
   7.46773386      0.533130348    
   7.47173595      0.533878207    
   7.47573805      0.534719288    
   7.47973967      0.540529609    
   7.48374176      0.540715396    
   7.48774385      0.540942907    
   7.49174595      0.541207075    
   7.49574804      0.541499496    
   7.49974966      0.541808069    
   7.50375175      0.542121530    
   7.50775385      0.542424083    
   7.51175594      0.542704284    
   7.51575804      0.542948425    
   7.51975965      0.543640614    
   7.52376175      0.542777419    
   7.52776384      0.541949391    
   7.53176594      0.541170180    
   7.53576803      0.540452719    
   7.53976965      0.539805949    
   7.54377174      0.539235651    
   7.54777384      0.538744807    
   7.55177593      0.538332880    
   7.55577803      0.537997603    
   7.55978012      0.543387413    
   7.56378174      0.543221295    
   7.56778383      0.543071508    
   7.57178593      0.542942941    
   7.57578802      0.542835116    
   7.57979012      0.542743266    
   7.58379173      0.542657971    
   7.58779383      0.542567015    
   7.59179592      0.542457879    
   7.59579802      0.542316496    
   7.59980011      0.540433168    
   7.60380173      0.539263904    
   7.60780382      0.538191378    
   7.61180592      0.537228584    
   7.61580801      0.536382854    
   7.61981010      0.535659611    
   7.62381172      0.535061717    
   7.62781382      0.534588575    
   7.63181591      0.534240246    
   7.63581800      0.534013569    
   7.63982010      0.539171815    
   7.64382172      0.538216591    
   7.64782381      0.537367165    
   7.65182590      0.536638558    
   7.65582800      0.536042750    
   7.65983009      0.535586596    
   7.66383171      0.535270691    
   7.66783381      0.535091937    
   7.67183590      0.535041332    
   7.67583799      0.535105765    
   7.67984009      0.540090501    
   7.68384171      0.539335549    
   7.68784380      0.538696766    
   7.69184589      0.538183093    
   7.69584799      0.537798464    
   7.69985008      0.537540734    
   7.70385170      0.537402511    
   7.70785379      0.537373364    
   7.71185589      0.537441075    
   7.71585798      0.537591040    
   7.71986008      0.537306428    
   7.72386169      0.537321389    
   7.72786379      0.537458718    
   7.73186588      0.537714243    
   7.73586798      0.538079977    
   7.73987007      0.538544714    
   7.74387217      0.539092898    
   7.74787378      0.539707601    
   7.75187588      0.540368319    
   7.75587797      0.541053474    
   7.75988007      0.550412953    
   7.76388216      0.550287545    
   7.76788378      0.550081789    
   7.77188587      0.549797893    
   7.77588797      0.549437106    
   7.77989006      0.548996747    
   7.78389215      0.548474550    
   7.78789377      0.547866821    
   7.79189587      0.547170281    
   7.79589796      0.546382844    
   7.79990005      0.547092259    
   7.80390215      0.546347976    
   7.80790377      0.545571864    
   7.81190586      0.544775546    
   7.81590796      0.543967128    
   7.81991005      0.543153763    
   7.82391214      0.542343616    
   7.82791376      0.541541100    
   7.83191586      0.540753245    
   7.83591795      0.539984703    
   7.83992004      0.546226442    
   7.84392214      0.544450760    
   7.84792376      0.542676032    
   7.85192585      0.540933847    
   7.85592794      0.539252281    
   7.85993004      0.537654996    
   7.86393213      0.536160946    
   7.86793375      0.534785092    
   7.87193584      0.533536613    
   7.87593794      0.532421887    
   7.87994003      0.534883142    
   7.88394213      0.532712400    
   7.88794374      0.530753314    
   7.89194584      0.529037356    
   7.89594793      0.527587950    
   7.89995003      0.526418924    
   7.90395212      0.525539875    
   7.90795374      0.524952173    
   7.91195583      0.524651647    
   7.91595793      0.524630249    
   7.91996002      0.522138953    
   7.92396212      0.521912456    
   7.92796421      0.522065878    
   7.93196583      0.522595644    
   7.93596792      0.523490310    
   7.93997002      0.524728537    
   7.94397211      0.526283264    
   7.94797421      0.528119862    
   7.95197582      0.530196965    
   7.95597792      0.532469273    
   7.95998001      0.530958116    
   7.96398211      0.533000469    
   7.96798420      0.535257936    
   7.97198582      0.537691593    
   7.97598791      0.540255487    
   7.97999001      0.542898118    
   7.98399210      0.545564473    
   7.98799419      0.548196971    
   7.99199581      0.550738931    
   7.99599791      0.553136706    
   8.00000000      0.554405034    
